	# Game Level Exporter v1.0
LIGHT
Light
<Matrix 4x4 (-0.2909, -0.0552,  0.9552, 0.0000)
            (-0.7711,  0.6045, -0.1999, 0.0000)
            (-0.5664, -0.7947, -0.2184, 0.0000)
            ( 4.0762,  5.9039,  1.0055, 1.0000)>
CAMERA
Camera
<Matrix 4x4 ( 0.6859,  0.0000,  0.7277, 0.0000)
            (-0.3240,  0.8954,  0.3054, 0.0000)
            (-0.6516, -0.4453,  0.6142, 0.0000)
            ( 7.3589,  4.9583, -6.9258, 1.0000)>
MESH
Column_1_Plane.001
<Matrix 4x4 ( 1.0000, 0.0000,  0.0000, 0.0000)
            ( 0.0000, 1.0000, -0.0000, 0.0000)
            ( 0.0000, 0.0000,  1.0000, 0.0000)
            (-0.7068, 0.0449, -1.0000, 1.0000)>
MESH
Details_Pipes_Long_Plane.061
<Matrix 4x4 (-0.0000,  0.0000,  1.0000, 0.0000)
            (-1.4200,  0.0000, -0.0000, 0.0000)
            ( 0.0000, -1.0000,  0.0000, 0.0000)
            (13.0000,  0.0400,  6.0000, 1.0000)>
MESH
Details_Pipes_Medium_Plane.060
<Matrix 4x4 (1.0000, 0.0000,  0.0000, 0.0000)
            (0.0000, 1.0000, -0.0000, 0.0000)
            (0.0000, 0.0000,  1.0000, 0.0000)
            (0.0000, 4.9215, -1.8781, 1.0000)>
MESH
DoorDouble_Wall_SideA_Plane.312
<Matrix 4x4 ( 1.0000, 0.0000,  0.0000, 0.0000)
            ( 0.0000, 1.0000, -0.0000, 0.0000)
            ( 0.0000, 0.0000,  1.0000, 0.0000)
            (14.1800, 0.0100, 19.2500, 1.0000)>
MESH
DoorDoubleLong_Wall_SideA_Plane.312
<Matrix 4x4 (1.0000, 0.0000,  0.0000, 0.0000)
            (0.0000, 1.0000, -0.0000, 0.0000)
            (0.0000, 0.0000,  1.0000, 0.0000)
            (1.6100, 0.0100, -1.0000, 1.0000)>
MESH
FloorTile_Double_Plane.000
<Matrix 4x4 (1.0000, 0.0000,  0.0000, 0.0000)
            (0.0000, 1.0000, -0.0000, 0.0000)
            (0.0000, 0.0000,  1.0000, 0.0000)
            (0.0000, 0.0000,  0.0000, 1.0000)>
MESH
LongWindow_Wall_SideB_Plane.041
<Matrix 4x4 (1.0000, 0.0000,  0.0000, 0.0000)
            (0.0000, 1.0000, -0.0000, 0.0000)
            (0.0000, 0.0000,  1.0000, 0.0000)
            (1.6000, 0.0100, 22.7600, 1.0000)>
MESH
Props_Base_Cylinder
<Matrix 4x4 ( 1.0000, 0.0000,  0.0000, 0.0000)
            ( 0.0000, 1.0000, -0.0000, 0.0000)
            ( 0.0000, 0.0000,  1.0000, 0.0000)
            (28.0000, 0.1000, 10.0000, 1.0000)>
MESH
Props_Capsule_Cylinder.014
<Matrix 4x4 ( 0.0000, -1.0000,  0.0000, 0.0000)
            (-0.0000, -0.0000, -1.0000, 0.0000)
            ( 1.0000,  0.0000, -0.0000, 0.0000)
            (10.7998,  1.6800, 21.8284, 1.0000)>
MESH
Props_ChestBottom_Cube.022
<Matrix 4x4 (1.0000, 0.0000,  0.0000, 0.0000)
            (0.0000, 1.0000, -0.0000, 0.0000)
            (0.0000, 0.0000,  1.0000, 0.0000)
            (7.9733, 0.0221, 18.4844, 1.0000)>
MESH
Props_ChestTop_Cube.024
<Matrix 4x4 (-0.0000,  0.9380,  0.3468, 0.0000)
            (-1.0000,  0.0000, -0.0000, 0.0000)
            (-0.0000, -0.3468,  0.9380, 0.0000)
            ( 7.9120,  0.7500, 18.4400, 1.0000)>
MESH
Props_Computer_Cube.028
<Matrix 4x4 ( 1.0000, 0.0000,  0.0000, 0.0000)
            ( 0.0000, 1.0000, -0.0000, 0.0000)
            ( 0.0000, 0.0000,  1.0000, 0.0000)
            (15.8501, 0.0367, 19.0488, 1.0000)>
MESH
Props_ComputerSmall_Cube.032
<Matrix 4x4 ( 1.0000, 0.0000,  0.0000, 0.0000)
            ( 0.0000, 1.0000, -0.0000, 0.0000)
            ( 0.0000, 0.0000,  1.0000, 0.0000)
            (12.0000, 0.0500, 13.0000, 1.0000)>
MESH
Props_ContainerFull_Cube.026
<Matrix 4x4 ( 1.0000, 0.0000,  0.0000, 0.0000)
            ( 0.0000, 1.0000, -0.0000, 0.0000)
            ( 0.0000, 0.0000,  1.0000, 0.0000)
            (24.1556, 0.0100, 22.1644, 1.0000)>
MESH
Props_Crate_Cube
<Matrix 4x4 ( 1.0000, 0.0000,  0.0000, 0.0000)
            ( 0.0000, 1.0000, -0.0000, 0.0000)
            ( 0.0000, 0.0000,  1.0000, 0.0000)
            (13.8935, 0.1673, 21.6872, 1.0000)>
MESH
Props_Laser_Cylinder.208
<Matrix 4x4 (-1.0000,  0.0000, -0.0008, 0.0000)
            ( 0.0008,  0.0000, -1.0000, 0.0000)
            ( 0.0000, -1.0000,  0.0000, 0.0000)
            ( 6.4077,  1.9800, 22.5000, 1.0000)>
MESH
Props_Pod_Cube.003
<Matrix 4x4 ( 1.0000, 0.0000,  0.0000, 0.0000)
            ( 0.0000, 1.0000, -0.0000, 0.0000)
            ( 0.0000, 0.0000,  1.0000, 0.0000)
            (11.0000, 0.0000, 14.0000, 1.0000)>
MESH
Props_Shelf_Cube.001
<Matrix 4x4 (-0.0000, 0.0000,  1.0000, 0.0000)
            ( 0.0000, 1.0000,  0.0000, 0.0000)
            (-1.0000, 0.0000, -0.0000, 0.0000)
            (16.7461, 0.0400, 20.6723, 1.0000)>
MESH
Props_Shelf_Tall_Cube.005
<Matrix 4x4 (1.0000, 0.0000,  0.0000, 0.0000)
            (0.0000, 1.0000, -0.0000, 0.0000)
            (0.0000, 0.0000,  1.0000, 0.0000)
            (9.6352, 0.0100, 18.4654, 1.0000)>
MESH
Props_Statue_Cylinder.012
<Matrix 4x4 ( 1.0000, 0.0000,  0.0000, 0.0000)
            ( 0.0000, 1.0000, -0.0000, 0.0000)
            ( 0.0000, 0.0000,  1.0000, 0.0000)
            (28.0000, 0.4100, 10.0000, 1.0000)>
MESH
Props_Teleporter_1_Cylinder.011
<Matrix 4x4 ( 1.0000, 0.0000,  0.0000, 0.0000)
            ( 0.0000, 1.0000, -0.0000, 0.0000)
            ( 0.0000, 0.0000,  1.0000, 0.0000)
            (15.0000, 0.0000, 22.0000, 1.0000)>
MESH
Props_Vessel_Cube.027
<Matrix 4x4 (-0.0000, -1.0000,  0.0000, 0.0000)
            ( 1.0000, -0.0000, -0.0000, 0.0000)
            ( 0.0000, -0.0000,  1.0000, 0.0000)
            ( 8.7886,  1.8199, 18.4222, 1.0000)>
MESH
Props_Vessel_Short_Cube.034
<Matrix 4x4 (-0.0000, -1.0000,  0.0000, 0.0000)
            ( 1.0000, -0.0000, -0.0000, 0.0000)
            ( 0.0000, -0.0000,  1.0000, 0.0000)
            ( 8.9758,  3.0447, 18.3677, 1.0000)>
MESH
Props_Vessel_Tall_Cube.033
<Matrix 4x4 (-0.0000, -1.0000,  0.0000, 0.0000)
            ( 1.0000, -0.0000, -0.0000, 0.0000)
            ( 0.0000, -0.0000,  1.0000, 0.0000)
            ( 9.0993,  0.5627, 18.4767, 1.0000)>
MESH
Staircase_Plane.319
<Matrix 4x4 (1.0000, 0.0000,  0.0000, 0.0000)
            (0.0000, 1.0000, -0.0000, 0.0000)
            (0.0000, 0.0000,  1.0000, 0.0000)
            (1.4077, 1.2600, 19.0190, 1.0000)>
MESH
Wall_1_Plane.063
<Matrix 4x4 (-0.0000, 0.0000, -0.7370, 0.0000)
            (-0.0000, 1.0166,  0.0000, 0.0000)
            ( 1.0166, 0.0000, -0.0000, 0.0000)
            (11.4347, 0.0000, 21.0527, 1.0000)>
MESH
Wall_Empty_Plane.111
<Matrix 4x4 (-1.0600, 0.0000,  0.0000, 0.0000)
            ( 0.0000, 1.0000,  0.0000, 0.0000)
            (-0.0000, 0.0000, -1.0000, 0.0000)
            ( 9.4096, 0.0000, 19.2200, 1.0000)>
MESH
Window_Wall_SideB_Plane.013
<Matrix 4x4 (1.0000, 0.0000,  0.0000, 0.0000)
            (0.0000, 1.0000, -0.0000, 0.0000)
            (0.0000, 0.0000,  1.0000, 0.0000)
            (5.6000, 0.0100, 22.7600, 1.0000)>
MESH
FloorTile_Double_Plane.001
<Matrix 4x4 (1.0000, 0.0000,  0.0000, 0.0000)
            (0.0000, 1.0000, -0.0000, 0.0000)
            (0.0000, 0.0000,  1.0000, 0.0000)
            (4.0000, 0.0000,  0.0000, 1.0000)>
MESH
FloorTile_Double_Plane.002
<Matrix 4x4 ( 1.0000, 0.0000,  0.0000, 0.0000)
            ( 0.0000, 1.0000, -0.0000, 0.0000)
            ( 0.0000, 0.0000,  1.0000, 0.0000)
            (12.0000, 0.0000,  0.0000, 1.0000)>
MESH
FloorTile_Double_Plane.003
<Matrix 4x4 (1.0000, 0.0000,  0.0000, 0.0000)
            (0.0000, 1.0000, -0.0000, 0.0000)
            (0.0000, 0.0000,  1.0000, 0.0000)
            (8.0000, 0.0000,  0.0000, 1.0000)>
MESH
FloorTile_Double_Plane.004
<Matrix 4x4 (1.0000, 0.0000,  0.0000, 0.0000)
            (0.0000, 1.0000, -0.0000, 0.0000)
            (0.0000, 0.0000,  1.0000, 0.0000)
            (8.0000, 0.0000,  2.0000, 1.0000)>
MESH
FloorTile_Double_Plane.005
<Matrix 4x4 ( 1.0000, 0.0000,  0.0000, 0.0000)
            ( 0.0000, 1.0000, -0.0000, 0.0000)
            ( 0.0000, 0.0000,  1.0000, 0.0000)
            (12.0000, 0.0000,  2.0000, 1.0000)>
MESH
FloorTile_Double_Plane.006
<Matrix 4x4 (1.0000, 0.0000,  0.0000, 0.0000)
            (0.0000, 1.0000, -0.0000, 0.0000)
            (0.0000, 0.0000,  1.0000, 0.0000)
            (4.0000, 0.0000,  2.0000, 1.0000)>
MESH
FloorTile_Double_Plane.007
<Matrix 4x4 (1.0000, 0.0000,  0.0000, 0.0000)
            (0.0000, 1.0000, -0.0000, 0.0000)
            (0.0000, 0.0000,  1.0000, 0.0000)
            (0.0000, 0.0000,  2.0000, 1.0000)>
MESH
FloorTile_Double_Plane.008
<Matrix 4x4 (1.0000, 0.0000,  0.0000, 0.0000)
            (0.0000, 1.0000, -0.0000, 0.0000)
            (0.0000, 0.0000,  1.0000, 0.0000)
            (0.0000, 0.0000,  4.0000, 1.0000)>
MESH
FloorTile_Double_Plane.009
<Matrix 4x4 (1.0000, 0.0000,  0.0000, 0.0000)
            (0.0000, 1.0000, -0.0000, 0.0000)
            (0.0000, 0.0000,  1.0000, 0.0000)
            (4.0000, 0.0000,  4.0000, 1.0000)>
MESH
FloorTile_Double_Plane.010
<Matrix 4x4 ( 1.0000, 0.0000,  0.0000, 0.0000)
            ( 0.0000, 1.0000, -0.0000, 0.0000)
            ( 0.0000, 0.0000,  1.0000, 0.0000)
            (12.0000, 0.0000,  4.0000, 1.0000)>
MESH
FloorTile_Double_Plane.011
<Matrix 4x4 (1.0000, 0.0000,  0.0000, 0.0000)
            (0.0000, 1.0000, -0.0000, 0.0000)
            (0.0000, 0.0000,  1.0000, 0.0000)
            (8.0000, 0.0000,  4.0000, 1.0000)>
MESH
FloorTile_Double_Plane.012
<Matrix 4x4 (1.0000, 0.0000,  0.0000, 0.0000)
            (0.0000, 1.0000, -0.0000, 0.0000)
            (0.0000, 0.0000,  1.0000, 0.0000)
            (8.0000, 0.0000,  6.0000, 1.0000)>
MESH
FloorTile_Double_Plane.013
<Matrix 4x4 ( 1.0000, 0.0000,  0.0000, 0.0000)
            ( 0.0000, 1.0000, -0.0000, 0.0000)
            ( 0.0000, 0.0000,  1.0000, 0.0000)
            (12.0000, 0.0000,  6.0000, 1.0000)>
MESH
FloorTile_Double_Plane.014
<Matrix 4x4 (1.0000, 0.0000,  0.0000, 0.0000)
            (0.0000, 1.0000, -0.0000, 0.0000)
            (0.0000, 0.0000,  1.0000, 0.0000)
            (4.0000, 0.0000,  6.0000, 1.0000)>
MESH
FloorTile_Double_Plane.015
<Matrix 4x4 (1.0000, 0.0000,  0.0000, 0.0000)
            (0.0000, 1.0000, -0.0000, 0.0000)
            (0.0000, 0.0000,  1.0000, 0.0000)
            (0.0000, 0.0000,  6.0000, 1.0000)>
MESH
FloorTile_Double_Plane.016
<Matrix 4x4 (1.0000, 0.0000,  0.0000, 0.0000)
            (0.0000, 1.0000, -0.0000, 0.0000)
            (0.0000, 0.0000,  1.0000, 0.0000)
            (0.0000, 0.0000,  8.0000, 1.0000)>
MESH
FloorTile_Double_Plane.017
<Matrix 4x4 (1.0000, 0.0000,  0.0000, 0.0000)
            (0.0000, 1.0000, -0.0000, 0.0000)
            (0.0000, 0.0000,  1.0000, 0.0000)
            (4.0000, 0.0000,  8.0000, 1.0000)>
MESH
FloorTile_Double_Plane.018
<Matrix 4x4 ( 1.0000, 0.0000,  0.0000, 0.0000)
            ( 0.0000, 1.0000, -0.0000, 0.0000)
            ( 0.0000, 0.0000,  1.0000, 0.0000)
            (12.0000, 0.0000,  8.0000, 1.0000)>
MESH
FloorTile_Double_Plane.019
<Matrix 4x4 (1.0000, 0.0000,  0.0000, 0.0000)
            (0.0000, 1.0000, -0.0000, 0.0000)
            (0.0000, 0.0000,  1.0000, 0.0000)
            (8.0000, 0.0000,  8.0000, 1.0000)>
MESH
FloorTile_Double_Plane.020
<Matrix 4x4 (1.0000, 0.0000,  0.0000, 0.0000)
            (0.0000, 1.0000, -0.0000, 0.0000)
            (0.0000, 0.0000,  1.0000, 0.0000)
            (8.0000, 0.0000, 10.0000, 1.0000)>
MESH
FloorTile_Double_Plane.021
<Matrix 4x4 ( 1.0000, 0.0000,  0.0000, 0.0000)
            ( 0.0000, 1.0000, -0.0000, 0.0000)
            ( 0.0000, 0.0000,  1.0000, 0.0000)
            (12.0000, 0.0000, 10.0000, 1.0000)>
MESH
FloorTile_Double_Plane.022
<Matrix 4x4 (1.0000, 0.0000,  0.0000, 0.0000)
            (0.0000, 1.0000, -0.0000, 0.0000)
            (0.0000, 0.0000,  1.0000, 0.0000)
            (4.0000, 0.0000, 10.0000, 1.0000)>
MESH
FloorTile_Double_Plane.023
<Matrix 4x4 (1.0000, 0.0000,  0.0000, 0.0000)
            (0.0000, 1.0000, -0.0000, 0.0000)
            (0.0000, 0.0000,  1.0000, 0.0000)
            (0.0000, 0.0000, 10.0000, 1.0000)>
LIGHT
Light.001
<Matrix 4x4 (-0.2909, -0.0552,  0.9552, 0.0000)
            (-0.7711,  0.6045, -0.1999, 0.0000)
            (-0.5664, -0.7947, -0.2184, 0.0000)
            ( 4.0762,  5.9039, 13.0548, 1.0000)>
MESH
FloorTile_Double_Plane.024
<Matrix 4x4 (1.0000, 0.0000,  0.0000, 0.0000)
            (0.0000, 1.0000, -0.0000, 0.0000)
            (0.0000, 0.0000,  1.0000, 0.0000)
            (0.0000, 0.0000, 22.0000, 1.0000)>
MESH
FloorTile_Double_Plane.025
<Matrix 4x4 (1.0000, 0.0000,  0.0000, 0.0000)
            (0.0000, 1.0000, -0.0000, 0.0000)
            (0.0000, 0.0000,  1.0000, 0.0000)
            (4.0000, 0.0000, 22.0000, 1.0000)>
MESH
FloorTile_Double_Plane.026
<Matrix 4x4 ( 1.0000, 0.0000,  0.0000, 0.0000)
            ( 0.0000, 1.0000, -0.0000, 0.0000)
            ( 0.0000, 0.0000,  1.0000, 0.0000)
            (12.0000, 0.0000, 22.0000, 1.0000)>
MESH
FloorTile_Double_Plane.027
<Matrix 4x4 (1.0000, 0.0000,  0.0000, 0.0000)
            (0.0000, 1.0000, -0.0000, 0.0000)
            (0.0000, 0.0000,  1.0000, 0.0000)
            (8.0000, 0.0000, 22.0000, 1.0000)>
MESH
FloorTile_Double_Plane.028
<Matrix 4x4 (1.0000, 0.0000,  0.0000, 0.0000)
            (0.0000, 1.0000, -0.0000, 0.0000)
            (0.0000, 0.0000,  1.0000, 0.0000)
            (8.0000, 0.0000, 20.0000, 1.0000)>
MESH
FloorTile_Double_Plane.029
<Matrix 4x4 ( 1.0000, 0.0000,  0.0000, 0.0000)
            ( 0.0000, 1.0000, -0.0000, 0.0000)
            ( 0.0000, 0.0000,  1.0000, 0.0000)
            (12.0000, 0.0000, 20.0000, 1.0000)>
MESH
FloorTile_Double_Plane.030
<Matrix 4x4 (1.0000, 0.0000,  0.0000, 0.0000)
            (0.0000, 1.0000, -0.0000, 0.0000)
            (0.0000, 0.0000,  1.0000, 0.0000)
            (4.0000, 0.0000, 20.0000, 1.0000)>
MESH
FloorTile_Double_Plane.031
<Matrix 4x4 (1.0000, 0.0000,  0.0000, 0.0000)
            (0.0000, 1.0000, -0.0000, 0.0000)
            (0.0000, 0.0000,  1.0000, 0.0000)
            (0.0000, 0.0000, 20.0000, 1.0000)>
MESH
FloorTile_Double_Plane.032
<Matrix 4x4 (1.0000, 0.0000,  0.0000, 0.0000)
            (0.0000, 1.0000, -0.0000, 0.0000)
            (0.0000, 0.0000,  1.0000, 0.0000)
            (0.0000, 0.0000, 18.0000, 1.0000)>
MESH
FloorTile_Double_Plane.033
<Matrix 4x4 (1.0000, 0.0000,  0.0000, 0.0000)
            (0.0000, 1.0000, -0.0000, 0.0000)
            (0.0000, 0.0000,  1.0000, 0.0000)
            (4.0000, 0.0000, 18.0000, 1.0000)>
MESH
FloorTile_Double_Plane.034
<Matrix 4x4 ( 1.0000, 0.0000,  0.0000, 0.0000)
            ( 0.0000, 1.0000, -0.0000, 0.0000)
            ( 0.0000, 0.0000,  1.0000, 0.0000)
            (12.0000, 0.0000, 18.0000, 1.0000)>
MESH
FloorTile_Double_Plane.035
<Matrix 4x4 (1.0000, 0.0000,  0.0000, 0.0000)
            (0.0000, 1.0000, -0.0000, 0.0000)
            (0.0000, 0.0000,  1.0000, 0.0000)
            (8.0000, 0.0000, 18.0000, 1.0000)>
MESH
FloorTile_Double_Plane.036
<Matrix 4x4 (1.0000, 0.0000,  0.0000, 0.0000)
            (0.0000, 1.0000, -0.0000, 0.0000)
            (0.0000, 0.0000,  1.0000, 0.0000)
            (8.0000, 0.0000, 16.0000, 1.0000)>
MESH
FloorTile_Double_Plane.037
<Matrix 4x4 ( 1.0000, 0.0000,  0.0000, 0.0000)
            ( 0.0000, 1.0000, -0.0000, 0.0000)
            ( 0.0000, 0.0000,  1.0000, 0.0000)
            (12.0000, 0.0000, 16.0000, 1.0000)>
MESH
FloorTile_Double_Plane.038
<Matrix 4x4 (1.0000, 0.0000,  0.0000, 0.0000)
            (0.0000, 1.0000, -0.0000, 0.0000)
            (0.0000, 0.0000,  1.0000, 0.0000)
            (4.0000, 0.0000, 16.0000, 1.0000)>
MESH
FloorTile_Double_Plane.039
<Matrix 4x4 (1.0000, 0.0000,  0.0000, 0.0000)
            (0.0000, 1.0000, -0.0000, 0.0000)
            (0.0000, 0.0000,  1.0000, 0.0000)
            (0.0000, 0.0000, 16.0000, 1.0000)>
MESH
FloorTile_Double_Plane.040
<Matrix 4x4 (1.0000, 0.0000,  0.0000, 0.0000)
            (0.0000, 1.0000, -0.0000, 0.0000)
            (0.0000, 0.0000,  1.0000, 0.0000)
            (0.0000, 0.0000, 14.0000, 1.0000)>
MESH
FloorTile_Double_Plane.041
<Matrix 4x4 (1.0000, 0.0000,  0.0000, 0.0000)
            (0.0000, 1.0000, -0.0000, 0.0000)
            (0.0000, 0.0000,  1.0000, 0.0000)
            (4.0000, 0.0000, 14.0000, 1.0000)>
MESH
FloorTile_Double_Plane.042
<Matrix 4x4 ( 1.0000, 0.0000,  0.0000, 0.0000)
            ( 0.0000, 1.0000, -0.0000, 0.0000)
            ( 0.0000, 0.0000,  1.0000, 0.0000)
            (12.0000, 0.0000, 14.0000, 1.0000)>
MESH
FloorTile_Double_Plane.043
<Matrix 4x4 (1.0000, 0.0000,  0.0000, 0.0000)
            (0.0000, 1.0000, -0.0000, 0.0000)
            (0.0000, 0.0000,  1.0000, 0.0000)
            (8.0000, 0.0000, 14.0000, 1.0000)>
MESH
FloorTile_Double_Plane.044
<Matrix 4x4 (1.0000, 0.0000,  0.0000, 0.0000)
            (0.0000, 1.0000, -0.0000, 0.0000)
            (0.0000, 0.0000,  1.0000, 0.0000)
            (8.0000, 0.0000, 12.0000, 1.0000)>
MESH
FloorTile_Double_Plane.045
<Matrix 4x4 ( 1.0000, 0.0000,  0.0000, 0.0000)
            ( 0.0000, 1.0000, -0.0000, 0.0000)
            ( 0.0000, 0.0000,  1.0000, 0.0000)
            (12.0000, 0.0000, 12.0000, 1.0000)>
MESH
FloorTile_Double_Plane.046
<Matrix 4x4 (1.0000, 0.0000,  0.0000, 0.0000)
            (0.0000, 1.0000, -0.0000, 0.0000)
            (0.0000, 0.0000,  1.0000, 0.0000)
            (4.0000, 0.0000, 12.0000, 1.0000)>
MESH
FloorTile_Double_Plane.047
<Matrix 4x4 (1.0000, 0.0000,  0.0000, 0.0000)
            (0.0000, 1.0000, -0.0000, 0.0000)
            (0.0000, 0.0000,  1.0000, 0.0000)
            (0.0000, 0.0000, 12.0000, 1.0000)>
LIGHT
Light.002
<Matrix 4x4 (-0.2909, -0.0552,  0.9552, 0.0000)
            (-0.7711,  0.6045, -0.1999, 0.0000)
            (-0.5664, -0.7947, -0.2184, 0.0000)
            (20.2385,  5.9039, 13.0548, 1.0000)>
MESH
FloorTile_Double_Plane.048
<Matrix 4x4 ( 1.0000, 0.0000,  0.0000, 0.0000)
            ( 0.0000, 1.0000, -0.0000, 0.0000)
            ( 0.0000, 0.0000,  1.0000, 0.0000)
            (16.0000, 0.0000, 12.0000, 1.0000)>
MESH
FloorTile_Double_Plane.049
<Matrix 4x4 ( 1.0000, 0.0000,  0.0000, 0.0000)
            ( 0.0000, 1.0000, -0.0000, 0.0000)
            ( 0.0000, 0.0000,  1.0000, 0.0000)
            (20.0000, 0.0000, 12.0000, 1.0000)>
MESH
FloorTile_Double_Plane.050
<Matrix 4x4 ( 1.0000, 0.0000,  0.0000, 0.0000)
            ( 0.0000, 1.0000, -0.0000, 0.0000)
            ( 0.0000, 0.0000,  1.0000, 0.0000)
            (28.0000, 0.0000, 12.0000, 1.0000)>
MESH
FloorTile_Double_Plane.051
<Matrix 4x4 ( 1.0000, 0.0000,  0.0000, 0.0000)
            ( 0.0000, 1.0000, -0.0000, 0.0000)
            ( 0.0000, 0.0000,  1.0000, 0.0000)
            (24.0000, 0.0000, 12.0000, 1.0000)>
MESH
FloorTile_Double_Plane.052
<Matrix 4x4 ( 1.0000, 0.0000,  0.0000, 0.0000)
            ( 0.0000, 1.0000, -0.0000, 0.0000)
            ( 0.0000, 0.0000,  1.0000, 0.0000)
            (24.0000, 0.0000, 14.0000, 1.0000)>
MESH
FloorTile_Double_Plane.053
<Matrix 4x4 ( 1.0000, 0.0000,  0.0000, 0.0000)
            ( 0.0000, 1.0000, -0.0000, 0.0000)
            ( 0.0000, 0.0000,  1.0000, 0.0000)
            (28.0000, 0.0000, 14.0000, 1.0000)>
MESH
FloorTile_Double_Plane.054
<Matrix 4x4 ( 1.0000, 0.0000,  0.0000, 0.0000)
            ( 0.0000, 1.0000, -0.0000, 0.0000)
            ( 0.0000, 0.0000,  1.0000, 0.0000)
            (20.0000, 0.0000, 14.0000, 1.0000)>
MESH
FloorTile_Double_Plane.055
<Matrix 4x4 ( 1.0000, 0.0000,  0.0000, 0.0000)
            ( 0.0000, 1.0000, -0.0000, 0.0000)
            ( 0.0000, 0.0000,  1.0000, 0.0000)
            (16.0000, 0.0000, 14.0000, 1.0000)>
MESH
FloorTile_Double_Plane.056
<Matrix 4x4 ( 1.0000, 0.0000,  0.0000, 0.0000)
            ( 0.0000, 1.0000, -0.0000, 0.0000)
            ( 0.0000, 0.0000,  1.0000, 0.0000)
            (16.0000, 0.0000, 16.0000, 1.0000)>
MESH
FloorTile_Double_Plane.057
<Matrix 4x4 ( 1.0000, 0.0000,  0.0000, 0.0000)
            ( 0.0000, 1.0000, -0.0000, 0.0000)
            ( 0.0000, 0.0000,  1.0000, 0.0000)
            (20.0000, 0.0000, 16.0000, 1.0000)>
MESH
FloorTile_Double_Plane.058
<Matrix 4x4 ( 1.0000, 0.0000,  0.0000, 0.0000)
            ( 0.0000, 1.0000, -0.0000, 0.0000)
            ( 0.0000, 0.0000,  1.0000, 0.0000)
            (28.0000, 0.0000, 16.0000, 1.0000)>
MESH
FloorTile_Double_Plane.059
<Matrix 4x4 ( 1.0000, 0.0000,  0.0000, 0.0000)
            ( 0.0000, 1.0000, -0.0000, 0.0000)
            ( 0.0000, 0.0000,  1.0000, 0.0000)
            (24.0000, 0.0000, 16.0000, 1.0000)>
MESH
FloorTile_Double_Plane.060
<Matrix 4x4 ( 1.0000, 0.0000,  0.0000, 0.0000)
            ( 0.0000, 1.0000, -0.0000, 0.0000)
            ( 0.0000, 0.0000,  1.0000, 0.0000)
            (24.0000, 0.0000, 18.0000, 1.0000)>
MESH
FloorTile_Double_Plane.061
<Matrix 4x4 ( 1.0000, 0.0000,  0.0000, 0.0000)
            ( 0.0000, 1.0000, -0.0000, 0.0000)
            ( 0.0000, 0.0000,  1.0000, 0.0000)
            (28.0000, 0.0000, 18.0000, 1.0000)>
MESH
FloorTile_Double_Plane.062
<Matrix 4x4 ( 1.0000, 0.0000,  0.0000, 0.0000)
            ( 0.0000, 1.0000, -0.0000, 0.0000)
            ( 0.0000, 0.0000,  1.0000, 0.0000)
            (20.0000, 0.0000, 18.0000, 1.0000)>
MESH
FloorTile_Double_Plane.063
<Matrix 4x4 ( 1.0000, 0.0000,  0.0000, 0.0000)
            ( 0.0000, 1.0000, -0.0000, 0.0000)
            ( 0.0000, 0.0000,  1.0000, 0.0000)
            (16.0000, 0.0000, 18.0000, 1.0000)>
MESH
FloorTile_Double_Plane.064
<Matrix 4x4 ( 1.0000, 0.0000,  0.0000, 0.0000)
            ( 0.0000, 1.0000, -0.0000, 0.0000)
            ( 0.0000, 0.0000,  1.0000, 0.0000)
            (16.0000, 0.0000, 20.0000, 1.0000)>
MESH
FloorTile_Double_Plane.065
<Matrix 4x4 ( 1.0000, 0.0000,  0.0000, 0.0000)
            ( 0.0000, 1.0000, -0.0000, 0.0000)
            ( 0.0000, 0.0000,  1.0000, 0.0000)
            (20.0000, 0.0000, 20.0000, 1.0000)>
MESH
FloorTile_Double_Plane.066
<Matrix 4x4 ( 1.0000, 0.0000,  0.0000, 0.0000)
            ( 0.0000, 1.0000, -0.0000, 0.0000)
            ( 0.0000, 0.0000,  1.0000, 0.0000)
            (28.0000, 0.0000, 20.0000, 1.0000)>
MESH
FloorTile_Double_Plane.067
<Matrix 4x4 ( 1.0000, 0.0000,  0.0000, 0.0000)
            ( 0.0000, 1.0000, -0.0000, 0.0000)
            ( 0.0000, 0.0000,  1.0000, 0.0000)
            (24.0000, 0.0000, 20.0000, 1.0000)>
MESH
FloorTile_Double_Plane.068
<Matrix 4x4 ( 1.0000, 0.0000,  0.0000, 0.0000)
            ( 0.0000, 1.0000, -0.0000, 0.0000)
            ( 0.0000, 0.0000,  1.0000, 0.0000)
            (24.0000, 0.0000, 22.0000, 1.0000)>
MESH
FloorTile_Double_Plane.069
<Matrix 4x4 ( 1.0000, 0.0000,  0.0000, 0.0000)
            ( 0.0000, 1.0000, -0.0000, 0.0000)
            ( 0.0000, 0.0000,  1.0000, 0.0000)
            (28.0000, 0.0000, 22.0000, 1.0000)>
MESH
FloorTile_Double_Plane.070
<Matrix 4x4 ( 1.0000, 0.0000,  0.0000, 0.0000)
            ( 0.0000, 1.0000, -0.0000, 0.0000)
            ( 0.0000, 0.0000,  1.0000, 0.0000)
            (20.0000, 0.0000, 22.0000, 1.0000)>
MESH
FloorTile_Double_Plane.071
<Matrix 4x4 ( 1.0000, 0.0000,  0.0000, 0.0000)
            ( 0.0000, 1.0000, -0.0000, 0.0000)
            ( 0.0000, 0.0000,  1.0000, 0.0000)
            (16.0000, 0.0000, 22.0000, 1.0000)>
LIGHT
Light.003
<Matrix 4x4 (-0.2909, -0.0552,  0.9552, 0.0000)
            (-0.7711,  0.6045, -0.1999, 0.0000)
            (-0.5664, -0.7947, -0.2184, 0.0000)
            (20.2385,  5.9039,  0.7682, 1.0000)>
MESH
FloorTile_Double_Plane.072
<Matrix 4x4 ( 1.0000, 0.0000,  0.0000, 0.0000)
            ( 0.0000, 1.0000, -0.0000, 0.0000)
            ( 0.0000, 0.0000,  1.0000, 0.0000)
            (16.0000, 0.0000, 10.0000, 1.0000)>
MESH
FloorTile_Double_Plane.073
<Matrix 4x4 ( 1.0000, 0.0000,  0.0000, 0.0000)
            ( 0.0000, 1.0000, -0.0000, 0.0000)
            ( 0.0000, 0.0000,  1.0000, 0.0000)
            (20.0000, 0.0000, 10.0000, 1.0000)>
MESH
FloorTile_Double_Plane.074
<Matrix 4x4 ( 1.0000, 0.0000,  0.0000, 0.0000)
            ( 0.0000, 1.0000, -0.0000, 0.0000)
            ( 0.0000, 0.0000,  1.0000, 0.0000)
            (28.0000, 0.0000, 10.0000, 1.0000)>
MESH
FloorTile_Double_Plane.075
<Matrix 4x4 ( 1.0000, 0.0000,  0.0000, 0.0000)
            ( 0.0000, 1.0000, -0.0000, 0.0000)
            ( 0.0000, 0.0000,  1.0000, 0.0000)
            (24.0000, 0.0000, 10.0000, 1.0000)>
MESH
FloorTile_Double_Plane.076
<Matrix 4x4 ( 1.0000, 0.0000,  0.0000, 0.0000)
            ( 0.0000, 1.0000, -0.0000, 0.0000)
            ( 0.0000, 0.0000,  1.0000, 0.0000)
            (24.0000, 0.0000,  8.0000, 1.0000)>
MESH
FloorTile_Double_Plane.077
<Matrix 4x4 ( 1.0000, 0.0000,  0.0000, 0.0000)
            ( 0.0000, 1.0000, -0.0000, 0.0000)
            ( 0.0000, 0.0000,  1.0000, 0.0000)
            (28.0000, 0.0000,  8.0000, 1.0000)>
MESH
FloorTile_Double_Plane.078
<Matrix 4x4 ( 1.0000, 0.0000,  0.0000, 0.0000)
            ( 0.0000, 1.0000, -0.0000, 0.0000)
            ( 0.0000, 0.0000,  1.0000, 0.0000)
            (20.0000, 0.0000,  8.0000, 1.0000)>
MESH
FloorTile_Double_Plane.079
<Matrix 4x4 ( 1.0000, 0.0000,  0.0000, 0.0000)
            ( 0.0000, 1.0000, -0.0000, 0.0000)
            ( 0.0000, 0.0000,  1.0000, 0.0000)
            (16.0000, 0.0000,  8.0000, 1.0000)>
MESH
FloorTile_Double_Plane.080
<Matrix 4x4 ( 1.0000, 0.0000,  0.0000, 0.0000)
            ( 0.0000, 1.0000, -0.0000, 0.0000)
            ( 0.0000, 0.0000,  1.0000, 0.0000)
            (16.0000, 0.0000,  6.0000, 1.0000)>
MESH
FloorTile_Double_Plane.081
<Matrix 4x4 ( 1.0000, 0.0000,  0.0000, 0.0000)
            ( 0.0000, 1.0000, -0.0000, 0.0000)
            ( 0.0000, 0.0000,  1.0000, 0.0000)
            (20.0000, 0.0000,  6.0000, 1.0000)>
MESH
FloorTile_Double_Plane.082
<Matrix 4x4 ( 1.0000, 0.0000,  0.0000, 0.0000)
            ( 0.0000, 1.0000, -0.0000, 0.0000)
            ( 0.0000, 0.0000,  1.0000, 0.0000)
            (28.0000, 0.0000,  6.0000, 1.0000)>
MESH
FloorTile_Double_Plane.083
<Matrix 4x4 ( 1.0000, 0.0000,  0.0000, 0.0000)
            ( 0.0000, 1.0000, -0.0000, 0.0000)
            ( 0.0000, 0.0000,  1.0000, 0.0000)
            (24.0000, 0.0000,  6.0000, 1.0000)>
MESH
FloorTile_Double_Plane.084
<Matrix 4x4 ( 1.0000, 0.0000,  0.0000, 0.0000)
            ( 0.0000, 1.0000, -0.0000, 0.0000)
            ( 0.0000, 0.0000,  1.0000, 0.0000)
            (24.0000, 0.0000,  4.0000, 1.0000)>
MESH
FloorTile_Double_Plane.085
<Matrix 4x4 ( 1.0000, 0.0000,  0.0000, 0.0000)
            ( 0.0000, 1.0000, -0.0000, 0.0000)
            ( 0.0000, 0.0000,  1.0000, 0.0000)
            (28.0000, 0.0000,  4.0000, 1.0000)>
MESH
FloorTile_Double_Plane.086
<Matrix 4x4 ( 1.0000, 0.0000,  0.0000, 0.0000)
            ( 0.0000, 1.0000, -0.0000, 0.0000)
            ( 0.0000, 0.0000,  1.0000, 0.0000)
            (20.0000, 0.0000,  4.0000, 1.0000)>
MESH
FloorTile_Double_Plane.087
<Matrix 4x4 ( 1.0000, 0.0000,  0.0000, 0.0000)
            ( 0.0000, 1.0000, -0.0000, 0.0000)
            ( 0.0000, 0.0000,  1.0000, 0.0000)
            (16.0000, 0.0000,  4.0000, 1.0000)>
MESH
FloorTile_Double_Plane.088
<Matrix 4x4 ( 1.0000, 0.0000,  0.0000, 0.0000)
            ( 0.0000, 1.0000, -0.0000, 0.0000)
            ( 0.0000, 0.0000,  1.0000, 0.0000)
            (16.0000, 0.0000,  2.0000, 1.0000)>
MESH
FloorTile_Double_Plane.089
<Matrix 4x4 ( 1.0000, 0.0000,  0.0000, 0.0000)
            ( 0.0000, 1.0000, -0.0000, 0.0000)
            ( 0.0000, 0.0000,  1.0000, 0.0000)
            (20.0000, 0.0000,  2.0000, 1.0000)>
MESH
FloorTile_Double_Plane.090
<Matrix 4x4 ( 1.0000, 0.0000,  0.0000, 0.0000)
            ( 0.0000, 1.0000, -0.0000, 0.0000)
            ( 0.0000, 0.0000,  1.0000, 0.0000)
            (28.0000, 0.0000,  2.0000, 1.0000)>
MESH
FloorTile_Double_Plane.091
<Matrix 4x4 ( 1.0000, 0.0000,  0.0000, 0.0000)
            ( 0.0000, 1.0000, -0.0000, 0.0000)
            ( 0.0000, 0.0000,  1.0000, 0.0000)
            (24.0000, 0.0000,  2.0000, 1.0000)>
MESH
FloorTile_Double_Plane.092
<Matrix 4x4 ( 1.0000, 0.0000,  0.0000, 0.0000)
            ( 0.0000, 1.0000, -0.0000, 0.0000)
            ( 0.0000, 0.0000,  1.0000, 0.0000)
            (24.0000, 0.0000,  0.0000, 1.0000)>
MESH
FloorTile_Double_Plane.093
<Matrix 4x4 ( 1.0000, 0.0000,  0.0000, 0.0000)
            ( 0.0000, 1.0000, -0.0000, 0.0000)
            ( 0.0000, 0.0000,  1.0000, 0.0000)
            (28.0000, 0.0000,  0.0000, 1.0000)>
MESH
FloorTile_Double_Plane.094
<Matrix 4x4 ( 1.0000, 0.0000,  0.0000, 0.0000)
            ( 0.0000, 1.0000, -0.0000, 0.0000)
            ( 0.0000, 0.0000,  1.0000, 0.0000)
            (20.0000, 0.0000,  0.0000, 1.0000)>
MESH
FloorTile_Double_Plane.095
<Matrix 4x4 ( 1.0000,  0.0000,  0.0000, 0.0000)
            ( 0.0000,  1.0000, -0.0000, 0.0000)
            ( 0.0000,  0.0000,  1.0000, 0.0000)
            (16.0000, -0.0100,  0.0000, 1.0000)>
MESH
FloorTile_Double_Plane.096
<Matrix 4x4 (0.9000, 0.0000,  0.0000, 0.0000)
            (0.0000, 1.0000, -0.0000, 0.0000)
            (0.0000, 0.0000,  1.0000, 0.0000)
            (0.4077, 1.2000, 20.0174, 1.0000)>
MESH
FloorTile_Double_Plane.097
<Matrix 4x4 (0.9000, 0.0000,  0.0000, 0.0000)
            (0.0000, 1.0000, -0.0000, 0.0000)
            (0.0000, 0.0000,  0.9300, 0.0000)
            (0.4077, 1.2000, 21.9474, 1.0000)>
MESH
FloorTile_Double_Plane.098
<Matrix 4x4 (0.9000, 0.0000,  0.0000, 0.0000)
            (0.0000, 1.0000, -0.0000, 0.0000)
            (0.0000, 0.0000,  0.9300, 0.0000)
            (7.6077, 1.2000, 21.9474, 1.0000)>
MESH
FloorTile_Double_Plane.100
<Matrix 4x4 (0.9000, 0.0000,  0.0000, 0.0000)
            (0.0000, 1.0000, -0.0000, 0.0000)
            (0.0000, 0.0000,  1.0000, 0.0000)
            (4.0077, 1.2000, 20.0174, 1.0000)>
MESH
FloorTile_Double_Plane.101
<Matrix 4x4 (0.9000, 0.0000,  0.0000, 0.0000)
            (0.0000, 1.0000, -0.0000, 0.0000)
            (0.0000, 0.0000,  1.0000, 0.0000)
            (7.6077, 1.2000, 20.0174, 1.0000)>
MESH
FloorTile_Double_Plane.102
<Matrix 4x4 (0.9000, 0.0000,  0.0000, 0.0000)
            (0.0000, 1.0000, -0.0000, 0.0000)
            (0.0000, 0.0000,  0.9300, 0.0000)
            (4.0077, 1.2000, 21.9474, 1.0000)>
MESH
Column_1_Plane.002
<Matrix 4x4 ( 1.0000, 0.0000,  0.0000, 0.0000)
            ( 0.0000, 1.0000, -0.0000, 0.0000)
            ( 0.0000, 0.0000,  1.0000, 0.0000)
            (30.6000, 0.0449, -1.0000, 1.0000)>
MESH
Column_1_Plane.003
<Matrix 4x4 ( 1.1537, 0.0000,  0.0262, 0.0000)
            ( 0.0000, 1.0000, -0.0000, 0.0000)
            (-0.0227, 0.0000,  0.9997, 0.0000)
            (30.8548, 0.0449, 22.7600, 1.0000)>
MESH
Column_1_Plane.004
<Matrix 4x4 ( 1.0000, 0.0000,  0.0000, 0.0000)
            ( 0.0000, 1.0000, -0.0000, 0.0000)
            ( 0.0000, 0.0000,  1.0000, 0.0000)
            (-0.7484, 0.0449, 22.7600, 1.0000)>
MESH
Window_Wall_SideB_Plane.001
<Matrix 4x4 (-1.0000, 0.0000,  0.0000, 0.0000)
            ( 0.0000, 1.0000,  0.0000, 0.0000)
            (-0.0000, 0.0000, -1.0000, 0.0000)
            ( 5.2907, 0.0000, 19.2200, 1.0000)>
MESH
Wall_Empty_Plane.001
<Matrix 4x4 (1.0000, 0.0000,  0.0000, 0.0000)
            (0.0000, 1.0000, -0.0000, 0.0000)
            (0.0000, 0.0000,  1.0000, 0.0000)
            (9.6000, 0.0100, 22.7600, 1.0000)>
MESH
Wall_Empty_Plane.002
<Matrix 4x4 ( 0.0000, 0.0000, -0.7682, 0.0000)
            (-0.0000, 1.0000, -0.0000, 0.0000)
            ( 1.0000, 0.0000,  0.0000, 0.0000)
            (15.9702, 0.0000, 21.0472, 1.0000)>
MESH
FloorTile_Double_Plane.099
<Matrix 4x4 ( 0.3065, 0.0000,  0.0000, 0.0000)
            ( 0.0000, 1.0000, -0.0000, 0.0000)
            ( 0.0000, 0.0000,  1.0000, 0.0000)
            (10.6077, 1.2000, 20.0174, 1.0000)>
MESH
FloorTile_Double_Plane.103
<Matrix 4x4 ( 0.3065, 0.0000,  0.0000, 0.0000)
            ( 0.0000, 1.0000, -0.0000, 0.0000)
            ( 0.0000, 0.0000,  0.9300, 0.0000)
            (10.6077, 1.2000, 21.9474, 1.0000)>
MESH
Column_1_Plane.005
<Matrix 4x4 ( 1.0000, 0.0000,  0.0000, 0.0000)
            ( 0.0000, 1.0000, -0.0000, 0.0000)
            ( 0.0000, 0.0000,  1.0000, 0.0000)
            (11.9133, 0.0449, 22.8446, 1.0000)>
MESH
Column_1_Plane.006
<Matrix 4x4 ( 1.0000, 0.0000,  0.0000, 0.0000)
            ( 0.0000, 1.0000, -0.0000, 0.0000)
            ( 0.0000, 0.0000,  1.0000, 0.0000)
            (11.8396, 0.0449, 19.3289, 1.0000)>
MESH
Props_Pod_Cube.001
<Matrix 4x4 ( 1.0000, 0.0000,  0.0000, 0.0000)
            ( 0.0000, 1.0000, -0.0000, 0.0000)
            ( 0.0000, 0.0000,  1.0000, 0.0000)
            (15.0000, 0.0000, 14.0000, 1.0000)>
MESH
Props_Pod_Cube.002
<Matrix 4x4 ( 1.0000, 0.0000,  0.0000, 0.0000)
            ( 0.0000, 1.0000, -0.0000, 0.0000)
            ( 0.0000, 0.0000,  1.0000, 0.0000)
            (19.0000, 0.0000, 14.0000, 1.0000)>
MESH
Props_Pod_Cube.004
<Matrix 4x4 ( 1.0000, 0.0000,  0.0000, 0.0000)
            ( 0.0000, 1.0000, -0.0000, 0.0000)
            ( 0.0000, 0.0000,  1.0000, 0.0000)
            (23.0000, 0.0000, 14.0000, 1.0000)>
MESH
Props_Pod_Cube.005
<Matrix 4x4 ( 1.0000, 0.0000,  0.0000, 0.0000)
            ( 0.0000, 1.0000, -0.0000, 0.0000)
            ( 0.0000, 0.0000,  1.0000, 0.0000)
            (27.0000, 0.0000, 14.0000, 1.0000)>
MESH
Props_Pod_Cube.006
<Matrix 4x4 ( 1.0000, 0.0000,  0.0000, 0.0000)
            ( 0.0000, 1.0000, -0.0000, 0.0000)
            ( 0.0000, 0.0000,  1.0000, 0.0000)
            (27.0000, 0.0000,  6.0000, 1.0000)>
MESH
Props_Pod_Cube.007
<Matrix 4x4 ( 1.0000, 0.0000,  0.0000, 0.0000)
            ( 0.0000, 1.0000, -0.0000, 0.0000)
            ( 0.0000, 0.0000,  1.0000, 0.0000)
            (23.0000, 0.0000,  6.0000, 1.0000)>
MESH
Props_Pod_Cube.008
<Matrix 4x4 ( 1.0000, 0.0000,  0.0000, 0.0000)
            ( 0.0000, 1.0000, -0.0000, 0.0000)
            ( 0.0000, 0.0000,  1.0000, 0.0000)
            (19.0000, 0.0000,  6.0000, 1.0000)>
MESH
Props_Pod_Cube.009
<Matrix 4x4 ( 1.0000, 0.0000,  0.0000, 0.0000)
            ( 0.0000, 1.0000, -0.0000, 0.0000)
            ( 0.0000, 0.0000,  1.0000, 0.0000)
            (15.0000, 0.0000,  6.0000, 1.0000)>
MESH
Props_Pod_Cube.010
<Matrix 4x4 ( 1.0000, 0.0000,  0.0000, 0.0000)
            ( 0.0000, 1.0000, -0.0000, 0.0000)
            ( 0.0000, 0.0000,  1.0000, 0.0000)
            (11.0000, 0.0000,  6.0000, 1.0000)>
MESH
Props_ComputerSmall_Cube.001
<Matrix 4x4 ( 1.0000, 0.0000,  0.0000, 0.0000)
            ( 0.0000, 1.0000, -0.0000, 0.0000)
            ( 0.0000, 0.0000,  1.0000, 0.0000)
            (20.0000, 0.0500, 13.0200, 1.0000)>
MESH
Props_ComputerSmall_Cube.002
<Matrix 4x4 ( 1.0000, 0.0000,  0.0000, 0.0000)
            ( 0.0000, 1.0000, -0.0000, 0.0000)
            ( 0.0000, 0.0000,  1.0000, 0.0000)
            (16.0000, 0.0500, 13.0000, 1.0000)>
MESH
Props_ComputerSmall_Cube.003
<Matrix 4x4 ( 1.0000, 0.0000,  0.0000, 0.0000)
            ( 0.0000, 1.0000, -0.0000, 0.0000)
            ( 0.0000, 0.0000,  1.0000, 0.0000)
            (28.0000, 0.0500, 13.0000, 1.0000)>
MESH
Props_ComputerSmall_Cube.004
<Matrix 4x4 ( 1.0000, 0.0000,  0.0000, 0.0000)
            ( 0.0000, 1.0000, -0.0000, 0.0000)
            ( 0.0000, 0.0000,  1.0000, 0.0000)
            (24.0000, 0.0500, 13.0000, 1.0000)>
MESH
Props_ComputerSmall_Cube.005
<Matrix 4x4 (-1.0000, 0.0000, -0.0000, 0.0000)
            (-0.0000, 1.0000,  0.0000, 0.0000)
            ( 0.0000, 0.0000, -1.0000, 0.0000)
            (12.0000, 0.0500,  7.0000, 1.0000)>
MESH
Props_ComputerSmall_Cube.006
<Matrix 4x4 (-1.0000, 0.0000, -0.0000, 0.0000)
            (-0.0000, 1.0000,  0.0000, 0.0000)
            ( 0.0000, 0.0000, -1.0000, 0.0000)
            (24.0000, 0.0500,  7.0000, 1.0000)>
MESH
Props_ComputerSmall_Cube.007
<Matrix 4x4 (-1.0000, 0.0000, -0.0000, 0.0000)
            (-0.0000, 1.0000,  0.0000, 0.0000)
            ( 0.0000, 0.0000, -1.0000, 0.0000)
            (28.0000, 0.0500,  7.0000, 1.0000)>
MESH
Props_ComputerSmall_Cube.008
<Matrix 4x4 (-1.0000, 0.0000, -0.0000, 0.0000)
            (-0.0000, 1.0000,  0.0000, 0.0000)
            ( 0.0000, 0.0000, -1.0000, 0.0000)
            (16.0000, 0.0500,  7.0000, 1.0000)>
MESH
Props_ComputerSmall_Cube.009
<Matrix 4x4 (-1.0000, 0.0000, -0.0000, 0.0000)
            (-0.0000, 1.0000,  0.0000, 0.0000)
            ( 0.0000, 0.0000, -1.0000, 0.0000)
            (20.0000, 0.0500,  7.0000, 1.0000)>
MESH
Wall_Empty_Plane.003
<Matrix 4x4 ( 1.0000, 0.0000,  0.0000, 0.0000)
            ( 0.0000, 1.0000, -0.0000, 0.0000)
            ( 0.0000, 0.0000,  1.0000, 0.0000)
            (14.2500, 0.0100, 22.7600, 1.0000)>
MESH
Wall_Empty_Plane.004
<Matrix 4x4 ( 1.0000, 0.0000,  0.0000, 0.0000)
            ( 0.0000, 1.0000, -0.0000, 0.0000)
            ( 0.0000, 0.0000,  1.0000, 0.0000)
            (18.2500, 0.0100, 22.7600, 1.0000)>
MESH
Wall_Empty_Plane.005
<Matrix 4x4 ( 1.0000, 0.0000,  0.0000, 0.0000)
            ( 0.0000, 1.0000, -0.0000, 0.0000)
            ( 0.0000, 0.0000,  1.0000, 0.0000)
            (22.2500, 0.0100, 22.7600, 1.0000)>
MESH
Wall_Empty_Plane.006
<Matrix 4x4 ( 1.0000, 0.0000,  0.0000, 0.0000)
            ( 0.0000, 1.0000, -0.0000, 0.0000)
            ( 0.0000, 0.0000,  1.0000, 0.0000)
            (26.2500, 0.0100, 22.7600, 1.0000)>
MESH
Wall_Empty_Plane.007
<Matrix 4x4 ( 0.6711, 0.0000,  0.0000, 0.0000)
            ( 0.0000, 1.0000, -0.0000, 0.0000)
            ( 0.0000, 0.0000,  1.0000, 0.0000)
            (29.5761, 0.0100, 22.7600, 1.0000)>
MESH
Wall_Empty_Plane.008
<Matrix 4x4 ( 0.6700, 0.0000,  0.0012, 0.0000)
            ( 0.0000, 1.0000, -0.0000, 0.0000)
            (-0.0017, 0.0000,  1.0000, 0.0000)
            (28.9300, 0.0100, -1.0000, 1.0000)>
MESH
Wall_Empty_Plane.009
<Matrix 4x4 ( 1.0000, 0.0000,  0.0017, 0.0000)
            ( 0.0000, 1.0000, -0.0000, 0.0000)
            (-0.0017, 0.0000,  1.0000, 0.0000)
            (21.6000, 0.0100, -1.0000, 1.0000)>
MESH
Wall_Empty_Plane.010
<Matrix 4x4 ( 1.0000, 0.0000,  0.0017, 0.0000)
            ( 0.0000, 1.0000, -0.0000, 0.0000)
            (-0.0017, 0.0000,  1.0000, 0.0000)
            (17.6000, 0.0100, -1.0000, 1.0000)>
MESH
Wall_Empty_Plane.011
<Matrix 4x4 ( 1.0000, 0.0000,  0.0017, 0.0000)
            ( 0.0000, 1.0000, -0.0000, 0.0000)
            (-0.0017, 0.0000,  1.0000, 0.0000)
            (13.6000, 0.0100, -1.0000, 1.0000)>
MESH
Wall_Empty_Plane.012
<Matrix 4x4 ( 1.0000, 0.0000,  0.0017, 0.0000)
            ( 0.0000, 1.0000, -0.0000, 0.0000)
            (-0.0017, 0.0000,  1.0000, 0.0000)
            ( 9.6000, 0.0100, -1.0000, 1.0000)>
MESH
Wall_Empty_Plane.013
<Matrix 4x4 ( 1.0000, 0.0000,  0.0017, 0.0000)
            ( 0.0000, 1.0000, -0.0000, 0.0000)
            (-0.0017, 0.0000,  1.0000, 0.0000)
            ( 5.6000, 0.0100, -1.0100, 1.0000)>
MESH
Wall_Empty_Plane.014
<Matrix 4x4 (-0.0094, 0.0000, -1.0000, 0.0000)
            (-0.0000, 1.0000,  0.0000, 0.0000)
            ( 1.0000, 0.0000, -0.0094, 0.0000)
            (30.8000, 0.0100, 20.4000, 1.0000)>
MESH
Wall_Empty_Plane.015
<Matrix 4x4 (-0.0094, 0.0000, -1.0000, 0.0000)
            (-0.0000, 1.0000,  0.0000, 0.0000)
            ( 1.0000, 0.0000, -0.0094, 0.0000)
            (30.7600, 0.0100, 16.4200, 1.0000)>
MESH
Wall_Empty_Plane.016
<Matrix 4x4 (-0.0094, 0.0000, -1.0000, 0.0000)
            (-0.0000, 1.0000,  0.0000, 0.0000)
            ( 1.0000, 0.0000, -0.0094, 0.0000)
            (30.7600, 0.0100, 12.5000, 1.0000)>
MESH
Wall_Empty_Plane.017
<Matrix 4x4 (-0.0094, 0.0000, -1.0000, 0.0000)
            (-0.0000, 1.0000,  0.0000, 0.0000)
            ( 1.0000, 0.0000, -0.0094, 0.0000)
            (30.7200, 0.0100,  8.5100, 1.0000)>
MESH
Wall_Empty_Plane.018
<Matrix 4x4 (-0.0094, 0.0000, -1.0000, 0.0000)
            (-0.0000, 1.0000,  0.0000, 0.0000)
            ( 1.0000, 0.0000, -0.0094, 0.0000)
            (30.6500, 0.0100,  4.5000, 1.0000)>
MESH
Wall_Empty_Plane.019
<Matrix 4x4 ( 0.0039, 0.0000,  0.7800, 0.0000)
            ( 0.0000, 1.0000, -0.0000, 0.0000)
            (-1.0000, 0.0000,  0.0050, 0.0000)
            (-0.6999, 0.0100, 20.8748, 1.0000)>
MESH
Wall_Empty_Plane.020
<Matrix 4x4 ( 0.0050, 0.0000,  1.0000, 0.0000)
            ( 0.0000, 1.0000, -0.0000, 0.0000)
            (-1.0000, 0.0000,  0.0050, 0.0000)
            (-0.7200, 0.0100, 17.3400, 1.0000)>
MESH
Wall_Empty_Plane.021
<Matrix 4x4 ( 0.0050, 0.0000,  1.0000, 0.0000)
            ( 0.0000, 1.0000, -0.0000, 0.0000)
            (-1.0000, 0.0000,  0.0050, 0.0000)
            (-0.7397, 0.0100, 13.3400, 1.0000)>
MESH
Wall_Empty_Plane.022
<Matrix 4x4 ( 0.0050, 0.0000,  1.0000, 0.0000)
            ( 0.0000, 1.0000, -0.0000, 0.0000)
            (-1.0000, 0.0000,  0.0050, 0.0000)
            (-0.7593, 0.0100,  9.3400, 1.0000)>
MESH
Wall_Empty_Plane.023
<Matrix 4x4 ( 0.0050, 0.0000,  1.0000, 0.0000)
            ( 0.0000, 1.0000, -0.0000, 0.0000)
            (-1.0000, 0.0000,  0.0050, 0.0000)
            (-0.7787, 0.0100,  5.3400, 1.0000)>
MESH
Wall_Empty_Plane.024
<Matrix 4x4 ( 1.0000, 0.0000,  0.0017, 0.0000)
            ( 0.0000, 1.0000, -0.0000, 0.0000)
            (-0.0017, 0.0000,  1.0000, 0.0000)
            (25.6000, 0.0100, -1.0000, 1.0000)>
MESH
Wall_Empty_Plane.025
<Matrix 4x4 ( 0.0050, 0.0000,  1.0000, 0.0000)
            ( 0.0000, 1.0000, -0.0000, 0.0000)
            (-1.0000, 0.0000,  0.0050, 0.0000)
            (-0.7787, 0.0100,  1.3400, 1.0000)>
MESH
Props_ContainerFull_Cube.001
<Matrix 4x4 ( 1.0000, 0.0000,  0.0000, 0.0000)
            ( 0.0000, 1.0000, -0.0000, 0.0000)
            ( 0.0000, 0.0000,  1.0000, 0.0000)
            (20.1873, 0.0100, 22.1644, 1.0000)>
MESH
Props_ContainerFull_Cube.002
<Matrix 4x4 ( 1.0000, 0.0000,  0.0000, 0.0000)
            ( 0.0000, 1.0000, -0.0000, 0.0000)
            ( 0.0000, 0.0000,  1.0000, 0.0000)
            (21.6890, 0.0100, 22.1644, 1.0000)>
MESH
Props_ContainerFull_Cube.003
<Matrix 4x4 ( 1.0000, 0.0000,  0.0000, 0.0000)
            ( 0.0000, 1.0000, -0.0000, 0.0000)
            ( 0.0000, 0.0000,  1.0000, 0.0000)
            (25.8655, 0.0100, 22.1644, 1.0000)>
MESH
Props_ContainerFull_Cube.004
<Matrix 4x4 ( 1.0000, 0.0000,  0.0000, 0.0000)
            ( 0.0000, 1.0000, -0.0000, 0.0000)
            ( 0.0000, 0.0000,  1.0000, 0.0000)
            (25.8655, 0.5600, 22.1644, 1.0000)>
MESH
Props_ContainerFull_Cube.005
<Matrix 4x4 ( 1.0000, 0.0000,  0.0000, 0.0000)
            ( 0.0000, 1.0000, -0.0000, 0.0000)
            ( 0.0000, 0.0000,  1.0000, 0.0000)
            (24.1738, 0.5600, 22.1644, 1.0000)>
MESH
Props_ContainerFull_Cube.006
<Matrix 4x4 ( 1.0000, 0.0000,  0.0000, 0.0000)
            ( 0.0000, 1.0000, -0.0000, 0.0000)
            ( 0.0000, 0.0000,  1.0000, 0.0000)
            (21.6890, 0.5600, 22.1644, 1.0000)>
MESH
Props_ContainerFull_Cube.007
<Matrix 4x4 ( 1.0000, 0.0000,  0.0000, 0.0000)
            ( 0.0000, 1.0000, -0.0000, 0.0000)
            ( 0.0000, 0.0000,  1.0000, 0.0000)
            (20.1873, 0.5600, 22.1644, 1.0000)>
MESH
Props_ContainerFull_Cube.008
<Matrix 4x4 ( 1.0000, 0.0000,  0.0000, 0.0000)
            ( 0.0000, 1.0000, -0.0000, 0.0000)
            ( 0.0000, 0.0000,  1.0000, 0.0000)
            (28.1258, 0.0100, 22.1644, 1.0000)>
MESH
Props_ContainerFull_Cube.009
<Matrix 4x4 ( 1.0000, 0.0000,  0.0000, 0.0000)
            ( 0.0000, 1.0000, -0.0000, 0.0000)
            ( 0.0000, 0.0000,  1.0000, 0.0000)
            (28.1440, 0.5600, 22.1644, 1.0000)>
MESH
Props_ContainerFull_Cube.010
<Matrix 4x4 ( 1.0000, 0.0000,  0.0000, 0.0000)
            ( 0.0000, 1.0000, -0.0000, 0.0000)
            ( 0.0000, 0.0000,  1.0000, 0.0000)
            (29.8357, 0.5600, 22.1644, 1.0000)>
MESH
Props_ContainerFull_Cube.011
<Matrix 4x4 ( 1.0000, 0.0000,  0.0000, 0.0000)
            ( 0.0000, 1.0000, -0.0000, 0.0000)
            ( 0.0000, 0.0000,  1.0000, 0.0000)
            (29.8357, 0.0100, 22.1644, 1.0000)>
MESH
Props_Vessel_Short_Cube.001
<Matrix 4x4 (-0.0000, -1.0000,  0.0000, 0.0000)
            ( 1.0000, -0.0000, -0.0000, 0.0000)
            ( 0.0000, -0.0000,  1.0000, 0.0000)
            ( 9.6759,  3.0447, 18.3677, 1.0000)>
MESH
Props_Vessel_Tall_Cube.001
<Matrix 4x4 (-0.0000, -1.0000,  0.0000, 0.0000)
            ( 1.0000, -0.0000, -0.0000, 0.0000)
            ( 0.0000, -0.0000,  1.0000, 0.0000)
            ( 9.0993,  1.2200, 18.4767, 1.0000)>
MESH
Details_Pipes_Long_Plane.001
<Matrix 4x4 (-0.0000,  0.0000,  1.0000, 0.0000)
            (-1.4200,  0.0000, -0.0000, 0.0000)
            ( 0.0000, -1.0000,  0.0000, 0.0000)
            (17.0000,  0.0100,  6.0000, 1.0000)>
MESH
Details_Pipes_Long_Plane.002
<Matrix 4x4 (-0.0000,  0.0000,  1.0000, 0.0000)
            (-1.4200,  0.0000, -0.0000, 0.0000)
            ( 0.0000, -1.0000,  0.0000, 0.0000)
            (21.0000,  0.0100,  6.0000, 1.0000)>
MESH
Details_Pipes_Long_Plane.003
<Matrix 4x4 (-0.0000,  0.0000,  1.0000, 0.0000)
            (-1.4200,  0.0000, -0.0000, 0.0000)
            ( 0.0000, -1.0000,  0.0000, 0.0000)
            (25.0000,  0.0100,  6.0000, 1.0000)>
MESH
Details_Pipes_Long_Plane.004
<Matrix 4x4 (-0.0000,  0.0000,  1.0000, 0.0000)
            (-1.4200,  0.0000, -0.0000, 0.0000)
            ( 0.0000, -1.0000,  0.0000, 0.0000)
            (13.0000,  0.0100, 14.0000, 1.0000)>
MESH
Details_Pipes_Long_Plane.005
<Matrix 4x4 (-0.0000,  0.0000,  1.0000, 0.0000)
            (-1.4200,  0.0000, -0.0000, 0.0000)
            ( 0.0000, -1.0000,  0.0000, 0.0000)
            (25.0000,  0.0100, 14.0000, 1.0000)>
MESH
Details_Pipes_Long_Plane.006
<Matrix 4x4 (-0.0000,  0.0000,  1.0000, 0.0000)
            (-1.4200,  0.0000, -0.0000, 0.0000)
            ( 0.0000, -1.0000,  0.0000, 0.0000)
            (21.0000,  0.0100, 14.0000, 1.0000)>
MESH
Details_Pipes_Long_Plane.007
<Matrix 4x4 (-0.0000,  0.0000,  1.0000, 0.0000)
            (-1.4200,  0.0000, -0.0000, 0.0000)
            ( 0.0000, -1.0000,  0.0000, 0.0000)
            (17.0000,  0.0100, 14.0000, 1.0000)>
MESH
Details_Pipes_Long_Plane.008
<Matrix 4x4 (-0.0000,  0.0000,  1.0000, 0.0000)
            (-1.7500,  0.0000, -0.0000, 0.0000)
            ( 0.0000, -1.0000,  0.0000, 0.0000)
            (29.0000,  0.0100, 14.0000, 1.0000)>
MESH
Details_Pipes_Long_Plane.009
<Matrix 4x4 (-0.0000,  0.0000,  1.0000, 0.0000)
            (-1.7500,  0.0000, -0.0000, 0.0000)
            ( 0.0000, -1.0000,  0.0000, 0.0000)
            (29.0000,  0.0100,  6.0000, 1.0000)>
MESH
Props_Vessel_Cube.001
<Matrix 4x4 (-0.0000, -1.0000,  0.0000, 0.0000)
            ( 1.0000, -0.0000, -0.0000, 0.0000)
            ( 0.0000, -0.0000,  1.0000, 0.0000)
            ( 9.6874,  1.8199, 18.4222, 1.0000)>
MESH
Props_Vessel_Cube.002
<Matrix 4x4 (-0.0000, -1.0000,  0.0000, 0.0000)
            ( 1.0000, -0.0000, -0.0000, 0.0000)
            ( 0.0000, -0.0000,  1.0000, 0.0000)
            ( 9.6874,  2.3873, 18.4222, 1.0000)>
MESH
Props_Vessel_Cube.003
<Matrix 4x4 (-0.0000, -1.0000,  0.0000, 0.0000)
            ( 1.0000, -0.0000, -0.0000, 0.0000)
            ( 0.0000, -0.0000,  1.0000, 0.0000)
            ( 8.7610,  2.3973, 18.4222, 1.0000)>
MESH
Wall_Empty_Plane.026
<Matrix 4x4 (-0.0094, 0.0000, -1.0000, 0.0000)
            (-0.0000, 1.0000,  0.0000, 0.0000)
            ( 1.0000, 0.0000, -0.0094, 0.0000)
            (30.6000, 0.0100,  0.5000, 1.0000)>
MESH
Column_1_Plane.007
<Matrix 4x4 ( 1.0000, 0.0000,  0.0000, 0.0000)
            ( 0.0000, 1.0000, -0.0000, 0.0000)
            ( 0.0000, 0.0000,  1.0000, 0.0000)
            (16.5041, 0.0449, 19.3289, 1.0000)>
MESH
Column_1_Plane.008
<Matrix 4x4 ( 1.0000, 0.0000,  0.0000, 0.0000)
            ( 0.0000, 0.7560, -0.0000, 0.0000)
            ( 0.0000, 0.0000,  1.0000, 0.0000)
            (16.5907, 0.0449, 22.5407, 1.0000)>
